0	7		
75.2	5.04	1301 	0.06 
76	5.03	1301 	0.06 
78	5.02	1301 	0.06 
81	4.97	1301 	0.05 
84.2	4.73	1301 	0.00 
88	4.44	1221 	0.00 
92	4.21	1158 	0.00 
			
1	6		
103	3.89	1594 	0.22 
110	3.61	1594 	0.16 
120	3.28	1594 	0.08 
130	3.02	1594 	0.00 
140	2.81	1483 	0.00 
149	2.65	1399 	0.00 
			
2	18		
120	3.63	1960 	0.54 
130	3.24	1960 	0.48 
140	2.95	1960 	0.43 
150	2.7	1960 	0.38 
160	2.51	1960 	0.33 
170	2.33	1960 	0.28 
180	2.19	1960 	0.23 
190	2.07	1960 	0.19 
200	1.96	1960 	0.14 
210	1.86	1960 	0.10 
220	1.77	1960 	0.05 
230	1.68	1960 	0.00 
240	1.62	1890 	0.00 
250	1.56	1820 	0.00 
260	1.5	1750 	0.00 
270	1.45	1692 	0.00 
280	1.41	1645 	0.00 
290	1.38	1610 	0.00 
			
3	20		
70	6.38	2255 	0.24 
70.5	6.32	2255 	0.23 
72	6.16	2255 	0.21 
73.5	6.01	2255 	0.19 
75	5.86	2255 	0.17 
76.5	5.74	2255 	0.15 
78	5.61	2255 	0.13 
79.5	5.48	2255 	0.11 
81	5.37	2255 	0.09 
82.5	5.26	2255 	0.08 
84	5.16	2255 	0.06 
85.5	5.05	2255 	0.04 
87	4.96	2255 	0.02 
88.5	4.86	2255 	0.00 
90	4.76	2208 	0.00 
91.5	4.66	2162 	0.00 
93	4.56	2115 	0.00 
94.5	4.46	2069 	0.00 
96	4.36	2023 	0.00 
97	4.3	1995 	0.00 
			
4	22		
67	6.2	1883 	0.19 
68	6.06	1883 	0.17 
69	5.94	1883 	0.15 
70	5.83	1883 	0.14 
71	5.74	1883 	0.13 
72	5.64	1883 	0.11 
73	5.55	1883 	0.10 
74	5.47	1883 	0.08 
75	5.4	1883 	0.07 
76	5.32	1883 	0.06 
77	5.24	1883 	0.04 
78	5.18	1883 	0.03 
79	5.12	1883 	0.02 
80	5.06	1883 	0.01 
81	5.02	1883 	0.00 
82	4.97	1864 	0.00 
83	4.93	1849 	0.00 
84	4.89	1834 	0.00 
85	4.86	1823 	0.00 
86	4.82	1808 	0.00 
87	4.79	1796 	0.00 
88	4.73	1774 	0.00 
			
5	25		
140	2.99	3185 	0.34 
144	2.86	3185 	0.31 
148	2.77	3185 	0.29 
152	2.68	3185 	0.27 
156	2.6	3185 	0.25 
160	2.53	3185 	0.23 
164	2.47	3185 	0.21 
168	2.4	3185 	0.18 
172	2.34	3185 	0.16 
176	2.28	3185 	0.14 
180	2.23	3185 	0.12 
184	2.18	3185 	0.10 
188	2.14	3185 	0.08 
192	2.09	3185 	0.06 
196	2.05	3185 	0.04 
200	2	3185 	0.02 
204	1.96	3185 	0.00 
208	1.92	3120 	0.00 
212	1.89	3071 	0.00 
216	1.86	3023 	0.00 
220	1.82	2958 	0.00 
224	1.79	2909 	0.00 
228	1.77	2876 	0.00 
232	1.73	2811 	0.00 
238	1.69	2746 	0.00 
			
6	6		
98	1.54	573 	0.44 
103	1.39	573 	0.38 
106	1.34	573 	0.36 
108.85	1.32	880 	0.00 
112	1.27	847 	0.00 
116	1.2	800 	0.00 
			
7	23		
60	6.77	2657 	0.21 
61	6.61	2657 	0.20 
62	6.45	2657 	0.18 
63	6.34	2657 	0.16 
64	6.23	2657 	0.15 
65	6.13	2657 	0.13 
66	6.03	2657 	0.12 
67	5.94	2657 	0.11 
68	5.85	2657 	0.09 
69	5.76	2657 	0.08 
70	5.67	2657 	0.06 
71	5.595	2657 	0.05 
72	5.52	2657 	0.04 
73	5.45	2657 	0.02 
74	5.38	2657 	0.01 
75	5.315	2657 	0.00 
76	5.25	2625 	0.00 
77	5.195	2597 	0.00 
78	5.14	2570 	0.00 
79	5.09	2545 	0.00 
80	5.04	2520 	0.00 
81	4.995	2498 	0.00 
82	4.95	2475 	0.00 
			
8	29		
92.2	4.38	3008 	0.18 
93	4.34	3008 	0.17 
94	4.29	3008 	0.16 
95	4.24	3008 	0.15 
96	4.19	3008 	0.14 
97	4.14	3008 	0.13 
98	4.09	3008 	0.12 
99	4.04	3008 	0.11 
100	4	3008 	0.10 
101	3.96	3008 	0.09 
102	3.91	3008 	0.08 
103	3.87	3008 	0.07 
104	3.83	3008 	0.06 
105	3.8	3008 	0.05 
106	3.76	3008 	0.04 
107	3.73	3008 	0.03 
108	3.7	3008 	0.02 
109	3.67	3008 	0.02 
110	3.64	3008 	0.01 
111	3.61	3008 	0.00 
112	3.59	2992 	0.00 
113	3.56	2967 	0.00 
114	3.53	2942 	0.00 
115	3.5	2917 	0.00 
116	3.47	2892 	0.00 
117	3.44	2867 	0.00 
118	3.42	2850 	0.00 
119	3.4	2833 	0.00 
119.15	3.39	2825 	0.00 
			
9	10		
106	5	6857 	0.52 
133	3.4	6857 	0.29 
137	3.09	6857 	0.22 
142	2.81	6857 	0.14 
144	2.66	6857 	0.09 
146	2.51	6857 	0.04 
148	2.42	6857 	0.00 
150	2.4	6800 	0.00 
153	2.38	6743 	0.00 
163	2.36	6687 	0.00 
			
10	9		
164.00 	2.35 	8533 	0.18 
170.00 	2.23 	8533 	0.14 
180.00 	2.13 	8533 	0.10 
190.00 	2.04 	8533 	0.06 
202.00 	1.97 	8533 	0.03 
210.00 	1.92 	8533 	0.00 
220.00 	1.85 	8222 	0.00 
230	1.79	7956 	0.00 
243	1.75	7778 	0.00 
			
11	21		
84.63	4.91	204 	0.17 
86	4.74	204 	0.14 
89	4.58	204 	0.11 
90	4.53	204 	0.10 
91	4.48	204 	0.09 
92	4.43	204 	0.08 
93	4.38	204 	0.07 
94	4.33	204 	0.06 
95	4.28	204 	0.05 
96	4.24	204 	0.04 
97	4.2	204 	0.03 
98	4.16	204 	0.02 
99	4.11	204 	0.01 
100	4.07	204 	0.00 
101	4.03	202 	0.00 
102	3.99	200 	0.00 
103	3.95	198 	0.00 
104	3.91	196 	0.00 
105	3.88	194 	0.00 
106	3.85	193 	0.00 
107	3.81	191 	0.00 
			
12	6		
150	3.26	8365 	0.27 
155	2.98	8365 	0.20 
176	2.65	8365 	0.10 
186	2.39	8365 	0.00 
197	2.18	7630 	0.00 
229	2.02	7070 	0.00 
			
13	20		
83	5.13	9601 	0.13 
83	5.1	9601 	0.13 
84	5.04	9601 	0.12 
85	4.98	9601 	0.10 
86	4.92	9601 	0.09 
87	4.87	9601 	0.08 
88	4.81	9601 	0.07 
89	4.76	9601 	0.06 
90	4.71	9601 	0.05 
91	4.65	9601 	0.04 
92	4.6	9601 	0.03 
93	4.55	9601 	0.02 
94	4.51	9601 	0.01 
95	4.46	9601 	0.00 
96	4.41	9494 	0.00 
97	4.37	9408 	0.00 
98	4.32	9300 	0.00 
99	4.28	9214 	0.00 
100	4.24	9128 	0.00 
114	3.73	8030 	0.00 
			
14	10		
52.2	7.43	192 	0.22 
55	7.06	192 	0.18 
57.8	6.71	192 	0.14 
60.6	6.41	192 	0.10 
63.4	6.14	192 	0.06 
66.2	5.91	192 	0.03 
69	5.77	192 	0.00 
71.8	5.73	191 	0.00 
74.6	5.6	187 	0.00 
77.4	5.59	186 	0.00 
			
15	5		
71.2	6.18	343 	0.30 
89.2	5.51	343 	0.21 
107.2	4.33	343 	0.00 
119.2	3.85	305 	0.00 
125.2	3.65	289 	0.00 
			
16	19		
87.7	4.5	186 	0.22 
90	4.38	186 	0.20 
92	4.29	186 	0.18 
94	4.2	186 	0.16 
96	4.11	186 	0.14 
98	4.03	186 	0.13 
100	3.95	186 	0.11 
102	3.87	186 	0.09 
104	3.79	186 	0.07 
106	3.72	186 	0.05 
108	3.65	186 	0.03 
110	3.59	186 	0.02 
112	3.52	186 	0.00 
114	3.46	183 	0.00 
116	3.4	179 	0.00 
118	3.34	176 	0.00 
120	3.29	174 	0.00 
122	3.23	170 	0.00 
124	3.18	168 	0.00 
			
17	10		
286.9	1.47	71 	0.13 
293.8	1.43	71 	0.11 
300.7	1.39	71 	0.09 
307.6	1.36	71 	0.06 
314.5	1.33	71 	0.04 
321.4	1.31	71 	0.03 
328.3	1.28	71 	0.00 
335.2	1.23	69 	0.00 
342.1	1.21	68 	0.00 
349	1.19	66 	0.00 
			
18	10		
29	14.6	626 	0.06 
29.33	14.44	626 	0.05 
29.67	14.28	626 	0.04 
30	14.12	626 	0.03 
30.33	13.96	626 	0.02 
30.67	13.81	626 	0.01 
31	13.66	626 	0.00 
31.33	13.52	620 	0.00 
31.67	13.37	613 	0.00 
32	13.24	607 	0.00 
			
			
19	10		
59.6	6.65	201 	0.27 
63.7	6.26	201 	0.23 
67.8	5.9	201 	0.18 
71.9	5.5	201 	0.12 
76	5.21	201 	0.07 
80.1	4.95	201 	0.03 
84.2	4.82	201 	0.00 
88.3	4.64	193 	0.00 
92.4	4.4	183 	0.00 
96.5	4.22	176 	0.00 
			
20	21		
290	1.43	96 	0.19 
295	1.4	96 	0.18 
300	1.38	96 	0.17 
305	1.36	96 	0.15 
310	1.33	96 	0.13 
315	1.31	96 	0.12 
320	1.29	96 	0.11 
325	1.27	96 	0.09 
330	1.25	96 	0.08 
335	1.23	96 	0.06 
340	1.21	96 	0.05 
345	1.2	96 	0.04 
350	1.18	96 	0.02 
355	1.16	96 	0.01 
360	1.15	96 	0.00 
365	1.13	94 	0.00 
370	1.12	93 	0.00 
375	1.11	93 	0.00 
380	1.1	92 	0.00 
385	1.08	90 	0.00 
390	1.07	89 	0.00 
			
21	15		
320	1.4	92 	0.25 
330	1.33	92 	0.21 
340	1.28	92 	0.18 
350	1.24	92 	0.15 
360	1.2	92 	0.12 
370	1.17	92 	0.10 
380	1.14	92 	0.08 
390	1.11	92 	0.05 
400	1.08	92 	0.03 
410	1.05	92 	0.00 
420	1.02	89 	0.00 
430	0.99	87 	0.00 
440	0.96	84 	0.00 
450	0.93	81 	0.00 
460	0.9	79 	0.00 
			
22	13		
66.41	5.82	359 	0.07 
67	5.87	359 	0.08 
68	5.89	359 	0.09 
68.5	5.86	359 	0.08 
69	5.8	359 	0.07 
70	5.68	359 	0.05 
71	5.57	359 	0.03 
72	5.48	359 	0.02 
73	5.38	359 	0.00 
74	5.3	353 	0.00 
75	5.22	348 	0.00 
76	5.15	343 	0.00 
76.6	5.11	341 	0.00 
			
23	5		
60	6.48	368 	0.15 
65	5.94	368 	0.07 
70	5.52	368 	0.00 
75	5.2	347 	0.00 
80	4.93	329 	0.00 
			
24	10		
41.9	9.83	232 	0.21 
44	9.49	232 	0.19 
46.1	9.06	232 	0.15 
48.2	8.66	232 	0.11 
50.3	8.3	232 	0.07 
52.4	8.03	232 	0.04 
54.5	7.73	232 	0.00 
56.6	7.35	221 	0.00 
58.7	7.1	213 	0.00 
60.8	6.95	209 	0.00 
			
25	10		
53.8	7.59	340 	0.23 
56.6	7.17	340 	0.19 
59.4	6.83	340 	0.15 
62.2	6.56	340 	0.11 
65	6.28	340 	0.07 
67.8	6.02	340 	0.03 
70.6	5.82	340 	0.00 
73.4	5.66	330 	0.00 
76.2	5.54	323 	0.00 
79	5.46	319 	0.00 
