0		272.4	272.4	272.4	272.4	267.6	267.6	267.6	267.6	303.6	303.6	303.6	303.6	303.6	442.8	442.8	442.8	442.8	442.8	606	606	606	606	732	1028.4	1028.4	1028.4	1028.4	1740	1740	1740	1740	1296	1296	1296	1296	1980	1980	1980	1980	1065.6	1065.6	1065.6	1065.6	615.6	615.6	615.6	615.6	381.6	381.6	381.6	381.6	381.6
1		313.2	313.2	313.2	313.2	294	294	294	294	358.8	358.8	358.8	358.8	358.8	714	714	714	714	714	937.2	937.2	937.2	937.2	1092	1368	1368	1368	1368	2172	2172	2172	2172	3120	3120	3120	3120	1680	1680	1680	1680	1076.4	1076.4	1076.4	1076.4	685.2	685.2	685.2	685.2	444	444	444	444	444
2		385.2	385.2	385.2	385.2	369.6	369.6	369.6	369.6	426	426	426	426	426	836.4	836.4	836.4	836.4	836.4	1048.8	1048.8	1048.8	1048.8	1212	1483.2	1483.2	1483.2	1483.2	2490	2490	2490	2490	2331.6	2331.6	2331.6	2331.6	2881.2	2881.2	2881.2	2881.2	2098.8	2098.8	2098.8	2098.8	1039.2	1039.2	1039.2	1039.2	661.2	661.2	661.2	661.2	661.2
3		506.4	506.4	506.4	506.4	367.2	367.2	367.2	367.2	478.8	478.8	478.8	478.8	478.8	775.2	775.2	775.2	775.2	775.2	1125.6	1125.6	1125.6	1125.6	1242	1324.8	1324.8	1324.8	1324.8	1989.6	1989.6	1989.6	1989.6	1815.6	1815.6	1815.6	1815.6	2359.2	2359.2	2359.2	2359.2	1692	1692	1692	1692	1104	1104	1104	1104	780	780	780	780	780
4		592.8	592.8	592.8	592.8	339.6	339.6	339.6	339.6	426	426	426	426	426	826.8	826.8	826.8	826.8	826.8	1165.2	1165.2	1165.2	1165.2	1344	1368	1368	1368	1368	2100	2100	2100	2100	1989.6	1989.6	1989.6	1989.6	2457.6	2457.6	2457.6	2457.6	1946.4	1946.4	1946.4	1946.4	1209.6	1209.6	1209.6	1209.6	849.6	849.6	849.6	849.6	849.6
5		838.8	838.8	838.8	838.8	427.2	427.2	427.2	427.2	476.4	476.4	476.4	476.4	476.4	900	900	900	900	900	1155.6	1155.6	1155.6	1155.6	1452	1539.6	1539.6	1539.6	1539.6	2545.2	2545.2	2545.2	2545.2	2719.2	2719.2	2719.2	2719.2	2850	2850	2850	2850	2713.2	2713.2	2713.2	2713.2	1537.2	1537.2	1537.2	1537.2	1146	1146	1146	1146	1146
6		510	510	510	510	540	540	540	540	843.6	843.6	843.6	843.6	843.6	816	816	816	816	1692	1692	1692	1692	2016	2016	2016	2016	2016	4752	4752	4752	4752	2268	2268	2268	2268	2520	2520	2520	2520	2520	1584	1584	1584	1584	828	828	828	828	600	600	600	600	600
7		528	528	528	528	558	558	558	558	861.6	861.6	861.6	861.6	861.6	834	834	834	834	1710	1710	1710	1710	2034	2034	2034	2034	2034	4770	4770	4770	4770	2286	2286	2286	2286	2538	2538	2538	2538	2538	1602	1602	1602	1602	846	846	846	846	618	618	618	618	618
8		588	588	588	588	618	618	618	618	927.6	927.6	927.6	927.6	927.6	874.8	874.8	874.8	874.8	1754.4	1754.4	1754.4	1754.4	2136	2136	2136	2136	2136	4951.2	4951.2	4951.2	4951.2	2503.2	2503.2	2503.2	2503.2	2690.4	2690.4	2690.4	2690.4	2690.4	1797.6	1797.6	1797.6	1797.6	912	912	912	912	656.4	656.4	656.4	656.4	656.4
9		1881.6	1810.8	1754.4	1740	1650	1609.2	1597.2	1651.2	1722	1804.8	1442.4	1525.2	1561.2	1406.4	1518	1897.2	2733.6	2146.8	2300.4	2635.2	2589.6	4057.2	5468.4	7332	7389.6	7520.4	7789.2	8378.4	7526.4	6259.2	4704	4149.6	3944.4	5210.4	5098.8	5468.4	6502.8	5371.2	5919.6	6902.4	5407.2	4362	3468	2806.8	2595.6	2420.4	2196	1974	1833.6	1695.6	1570.8	1570.8
10		1993.2	1917.6	1858.8	1843.2	1747.2	1704	1690.8	1747.2	1822.8	1911.6	1527.6	1615.2	1652.4	1490.4	1608	2010	2896.8	2274	2437.2	2792.4	2743.2	4297.2	5792.4	7767.6	7828.8	7968	8252.4	8876.4	7974	6631.2	4983.6	4395.6	4178.4	5520	5402.4	5793.6	6890.4	5691.6	6272.4	7312.8	5728.8	4621.2	3674.4	2973.6	2749.2	2564.4	2326.8	2090.4	1941.6	1795.2	1663.2	1570.8
11		93.6	93.6	93.6	93.6	76.8	76.8	76.8	76.8	67.2	67.2	67.2	67.2	67.2	58.8	58.8	58.8	58.8	72	72	72	72	145.2	145.2	145.2	145.2	145.2	259.2	259.2	259.2	259.2	608.4	608.4	608.4	608.4	266.4	266.4	266.4	266.4	266.4	206.4	206.4	206.4	206.4	122.4	122.4	122.4	122.4	102	102	102	102	102
12		2074.8	1999.2	1940.4	1924.8	1812	1768.8	1755.6	1813.2	1878	1966.8	1582.8	1669.2	1707.6	1537.2	1654.8	2056.8	2943.6	2334	2496	2852.4	2803.2	4430.4	5925.6	7900.8	7962	8101.2	8499.6	9123.6	8221.2	6878.4	5580	4992	4774.8	6116.4	5656.8	6048	7144.8	5946	6526.8	7507.2	5923.2	4815.6	3868.8	3084	2858.4	2673.6	2437.2	2180.4	2031.6	1885.2	1753.2	1660.8
13		2486.4	2534.4	2589.6	2704.8	2572.8	2439.6	2221.2	2260.8	2344.8	2462.4	2230.8	2232	2210.4	2064	1996.8	2289.6	3085.2	2500.8	2790	3307.2	2614.8	3756	4789.2	6176.4	7257.6	7750.8	8016	9181.2	8061.6	6308.4	5820	5439.6	5223.6	5634	5100	5276.4	5911.2	5593.2	6211.2	7045.2	5666.4	4671.6	3825.6	3135.6	2886	2700	2481.6	2227.2	2109.6	2005.2	1807.2	1660.8
14		505.2	505.2	505.2	505.2	282	282	282	282	744	744	744	744	744	608.4	608.4	608.4	608.4	94.8	94.8	94.8	94.8	4057.2	4057.2	4057.2	4057.2	4057.2	3112.8	3112.8	3112.8	3112.8	2967.6	2967.6	2967.6	2967.6	751.2	751.2	751.2	751.2	751.2	2070	2070	2070	2070	1436.4	1436.4	1436.4	1436.4	951.6	951.6	951.6	951.6	951.6
15		578.4	578.4	578.4	578.4	345.6	345.6	345.6	345.6	790.8	790.8	790.8	790.8	790.8	632.4	632.4	632.4	632.4	235.2	235.2	235.2	235.2	4326	4326	4326	4326	4326	3691.2	3691.2	3691.2	3691.2	3655.2	3655.2	3655.2	3655.2	1443.6	1443.6	1443.6	1443.6	1443.6	2436	2436	2436	2436	1851.6	1851.6	1851.6	1851.6	1113.6	1113.6	1113.6	1113.6	1113.6
16		598.8	598.8	598.8	598.8	358.8	358.8	358.8	358.8	800.4	800.4	800.4	800.4	800.4	640.8	640.8	640.8	640.8	253.2	253.2	253.2	253.2	4364.4	4364.4	4364.4	4364.4	4364.4	3879.6	3879.6	3879.6	3879.6	3810	3810	3810	3810	1587.6	1587.6	1587.6	1587.6	1587.6	2571.6	2571.6	2571.6	2571.6	1924.8	1924.8	1924.8	1924.8	1156.8	1156.8	1156.8	1156.8	1156.8
17		36	36	36	36	25.2	25.2	25.2	25.2	25.2	25.2	25.2	25.2	25.2	30	30	30	30	37.2	37.2	37.2	37.2	74.4	74.4	74.4	74.4	74.4	112.8	112.8	112.8	112.8	78	78	78	78	87.6	87.6	87.6	87.6	87.6	57.6	57.6	57.6	57.6	43.2	43.2	43.2	43.2	32.4	32.4	32.4	32.4	32.4
18		505.2	505.2	505.2	505.2	282	282	282	282	744	744	744	744	744	608.4	608.4	608.4	608.4	94.8	94.8	94.8	94.8	4057.2	4057.2	4057.2	4057.2	4057.2	3112.8	3112.8	3112.8	3112.8	2967.6	2967.6	2967.6	2967.6	751.2	751.2	751.2	751.2	751.2	2070	2070	2070	2070	1436.4	1436.4	1436.4	1436.4	951.6	951.6	951.6	951.6	951.6
19		505.2	505.2	505.2	505.2	282	282	282	282	744	744	744	744	744	608.4	608.4	608.4	608.4	94.8	94.8	94.8	94.8	4537.2	4537.2	4537.2	4537.2	4537.2	3112.8	3112.8	3112.8	3112.8	2967.6	2967.6	2967.6	2967.6	751.2	751.2	751.2	751.2	751.2	2070	2070	2070	2070	1436.4	1436.4	1436.4	1436.4	951.6	951.6	951.6	951.6	951.6
20		61.2	61.2	61.2	61.2	40.8	40.8	40.8	40.8	31.2	31.2	31.2	31.2	31.2	27.6	27.6	27.6	27.6	102	102	102	102	183.6	183.6	183.6	183.6	183.6	381.6	381.6	381.6	381.6	451.2	451.2	451.2	451.2	454.8	454.8	454.8	454.8	454.8	246	246	246	246	339.6	339.6	339.6	339.6	115.2	115.2	115.2	115.2	115.2
21		34.8	34.8	34.8	34.8	38.4	38.4	38.4	38.4	34.8	34.8	34.8	34.8	34.8	33.6	33.6	33.6	33.6	60	60	60	60	98.4	98.4	98.4	98.4	98.4	99.6	99.6	99.6	99.6	96	96	96	96	82.8	82.8	82.8	82.8	82.8	68.4	68.4	68.4	68.4	45.6	45.6	45.6	45.6	36	36	36	36	36
22		123.6	123.6	123.6	123.6	104.4	104.4	104.4	104.4	88.8	88.8	88.8	88.8	88.8	103.2	103.2	103.2	103.2	80.4	80.4	80.4	80.4	216	216	216	216	216	397.2	397.2	397.2	397.2	386.4	386.4	386.4	386.4	331.2	331.2	331.2	331.2	331.2	276	276	276	276	150	150	150	150	106.8	106.8	106.8	106.8	106.8
23		120	120	120	120	88.8	88.8	88.8	88.8	62.4	62.4	62.4	62.4	62.4	110.4	110.4	110.4	110.4	96	96	96	96	243.6	243.6	243.6	243.6	243.6	256.8	256.8	256.8	256.8	397.2	397.2	397.2	397.2	326.4	326.4	326.4	326.4	326.4	278.4	278.4	278.4	278.4	152.4	152.4	152.4	152.4	84	84	84	84	84
24		127.2	127.2	127.2	127.2	98.4	98.4	98.4	98.4	91.2	91.2	91.2	91.2	91.2	103.2	103.2	103.2	103.2	114	114	114	114	146.4	146.4	146.4	146.4	146.4	153.6	153.6	153.6	153.6	73.2	73.2	73.2	73.2	68.4	68.4	68.4	68.4	68.4	57.6	57.6	57.6	57.6	39.6	39.6	39.6	39.6	49.2	49.2	49.2	49.2	49.2
25		136.8	136.8	136.8	136.8	97.2	97.2	97.2	97.2	79.2	79.2	79.2	79.2	79.2	90	90	90	90	122.4	122.4	122.4	122.4	135.6	135.6	135.6	135.6	135.6	151.2	151.2	151.2	151.2	78	78	78	78	82.8	82.8	82.8	82.8	82.8	74.4	74.4	74.4	74.4	58.8	58.8	58.8	58.8	56.4	56.4	56.4	56.4	56.4
